epoch train_acc1 train_acc2 test_acc1 test_acc2
0 0 0 10.426682692307692 11.107772435897436
1 34.118589743589745 34.24278846153846 38.86217948717949 39.22275641025641
2 41.79086538461539 42.15144230769231 45.63301282051282 45.65304487179487
3 44.21474358974359 45.1943108974359 45.51282051282051 47.38581730769231
4 45.96754807692308 46.92307692307692 47.50600961538461 48.537660256410255
5 47.18349358974359 47.7724358974359 47.526041666666664 46.85496794871795
6 48.56570512820513 48.65584935897436 49.348958333333336 49.87980769230769
7 49.0244391025641 49.30689102564103 48.517628205128204 48.07692307692308
8 49.31089743589744 49.39102564102564 51.091746794871796 52.473958333333336
9 49.41105769230769 49.553285256410255 51.01161858974359 50.84134615384615
10 49.899839743589745 50.04807692307692 52.78445512820513 52.443910256410255
11 50.32251602564103 50.48076923076923 53.37540064102564 53.32532051282051
12 50.725160256410255 50.79326923076923 51.14182692307692 52.02323717948718
13 51.27804487179487 51.12379807692308 49.2588141025641 49.6494391025641
14 51.23197115384615 51.452323717948715 52.27363782051282 50.911458333333336
15 51.42027243589744 51.44230769230769 52.22355769230769 50.71113782051282
16 51.75480769230769 51.71073717948718 52.053285256410255 51.26201923076923
17 52.08133012820513 51.672676282051285 53.24519230769231 52.654246794871796
18 52.09935897435897 52.07532051282051 54.11658653846154 53.33533653846154
19 52.47596153846154 52.4599358974359 54.15665064102564 54.50721153846154
20 48.07692307692308 48.125 52.423878205128204 51.9130608974359
21 48.92628205128205 48.752003205128204 50.15024038461539 50.19030448717949
22 50.09815705128205 49.817708333333336 49.348958333333336 48.127003205128204
23 50.19030448717949 50.11217948717949 48.48758012820513 48.79807692307692
24 50.87540064102564 50.71314102564103 49.709535256410255 51.98317307692308
25 50.729166666666664 50.671073717948715 50.72115384615385 50.62099358974359
26 51.61258012820513 51.41225961538461 53.5556891025641 52.33373397435897
27 51.774839743589745 51.82692307692308 52.834535256410255 51.61258012820513
28 51.540464743589745 51.7588141025641 49.00841346153846 47.946714743589745
29 51.66065705128205 51.34014423076923 53.9463141025641 53.65584935897436
30 51.774839743589745 51.44030448717949 53.63581730769231 52.51402243589744
31 51.9931891025641 52.07932692307692 51.452323717948715 53.33533653846154
32 52.15945512820513 52.25761217948718 54.6875 55.58894230769231
33 52.53405448717949 52.43790064102564 53.69591346153846 52.233573717948715
34 52.497996794871796 52.48597756410256 51.86298076923077 53.46554487179487
35 51.98317307692308 51.80288461538461 49.75961538461539 51.61258012820513
36 52.15144230769231 52.23157051282051 50.36057692307692 51.36217948717949
37 52.07532051282051 52.40384615384615 50.79126602564103 51.432291666666664
38 52.51802884615385 52.80649038461539 50.21033653846154 49.78966346153846
39 52.61418269230769 52.522035256410255 52.37379807692308 53.18509615384615
40 52.36378205128205 52.45793269230769 52.91466346153846 52.72435897435897
41 52.786458333333336 52.59815705128205 53.76602564102564 53.07491987179487
42 52.42788461538461 52.4619391025641 53.52564102564103 53.806089743589745
43 52.578125 52.72435897435897 51.88301282051282 51.38221153846154
44 52.87860576923077 52.70432692307692 52.12339743589744 52.41386217948718
45 53.02884615384615 52.97876602564103 49.77964743589744 50.34054487179487
46 52.83253205128205 52.892628205128204 52.083333333333336 52.90464743589744
47 52.97275641025641 52.946714743589745 52.39383012820513 53.49559294871795
48 53.37339743589744 53.40745192307692 53.5556891025641 52.48397435897436
49 53.01682692307692 53.024839743589745 53.32532051282051 53.625801282051285
50 53.27323717948718 53.11298076923077 50.85136217948718 50.58092948717949
51 53.37740384615385 53.50160256410256 53.826121794871796 53.826121794871796
52 53.40945512820513 53.31730769230769 54.47716346153846 53.31530448717949
53 53.52163461538461 53.60977564102564 51.462339743589745 53.49559294871795
54 53.26322115384615 53.26522435897436 51.70272435897436 52.98477564102564
epoch train_acc1 train_acc2 test_acc1 test_acc2
0 0 0 10.426682692307692 11.107772435897436
1 22.56610576923077 21.806891025641026 41.70673076923077 40.21434294871795
2 28.515625 27.790464743589745 47.365785256410255 47.63621794871795
3 30.53886217948718 30.490785256410255 48.147035256410255 48.98838141025641
4 31.596554487179485 31.838942307692307 50.21033653846154 49.689503205128204
5 33.13301282051282 32.75440705128205 51.51241987179487 52.16346153846154
6 33.81810897435897 33.669871794871796 54.407051282051285 52.96474358974359
7 34.49519230769231 34.36698717948718 54.967948717948715 55.79927884615385
8 34.98197115384615 34.85977564102564 54.23677884615385 53.225160256410255
9 35.46073717948718 35.14423076923077 56.32011217948718 55.97956730769231
10 36.15584935897436 36.41426282051282 56.49038461538461 56.22996794871795
11 36.458333333333336 36.350160256410255 56.84094551282051 57.8525641025641
12 37.107371794871796 37.17147435897436 59.17467948717949 58.03285256410256
13 37.59615384615385 37.57011217948718 57.24158653846154 57.75240384615385
14 37.98277243589744 37.86057692307692 58.89423076923077 58.04286858974359
15 38.16706730769231 38.024839743589745 59.19471153846154 58.96434294871795
16 38.46754807692308 38.29326923076923 59.875801282051285 59.46514423076923
17 38.79407051282051 38.49759615384615 58.693910256410255 60.73717948717949
18 38.8681891025641 38.73998397435897 60.59695512820513 61.10777243589744
19 39.36097756410256 39.11057692307692 60.09615384615385 60.076121794871796
20 35.857371794871796 35.61698717948718 56.34014423076923 54.52724358974359
21 36.27403846153846 36.06370192307692 58.45352564102564 58.333333333333336
22 36.99719551282051 36.86698717948718 57.60216346153846 58.27323717948718
23 37.36177884615385 37.17147435897436 58.73397435897436 58.64383012820513
24 37.80649038461539 37.49198717948718 57.341746794871796 54.44711538461539
25 37.634214743589745 37.31570512820513 59.22475961538461 59.25480769230769
26 37.89663461538461 37.59014423076923 57.04126602564103 60.35657051282051
27 38.42748397435897 38.09495192307692 59.505208333333336 59.375
28 38.42748397435897 38.20913461538461 60.24639423076923 58.513621794871796
29 38.37740384615385 38.34935897435897 60.60697115384615 58.483573717948715
30 38.40344551282051 38.02283653846154 58.66386217948718 58.102964743589745
31 38.63782051282051 38.697916666666664 59.04447115384615 58.74399038461539
32 38.802083333333336 38.32532051282051 59.46514423076923 59.274839743589745
33 38.73998397435897 38.517628205128204 60.47676282051282 60.09615384615385
34 38.83413461538461 38.85216346153846 60.73717948717949 58.693910256410255
35 39.040464743589745 38.828125 59.60536858974359 58.693910256410255
36 39.31690705128205 38.96834935897436 60.33653846153846 60.657051282051285
37 39.172676282051285 38.71394230769231 60.31650641025641 59.88581730769231
38 39.32491987179487 39.1806891025641 59.685496794871796 60.22636217948718
39 39.216746794871796 39.42307692307692 61.59855769230769 60.38661858974359
40 39.23878205128205 39.3349358974359 59.51522435897436 60.1161858974359
41 39.57932692307692 39.006410256410255 60.63701923076923 60.256410256410255
42 39.4931891025641 39.33894230769231 60.27644230769231 58.66386217948718
43 39.485176282051285 39.3369391025641 59.7255608974359 58.26322115384615
44 39.557291666666664 39.44310897435897 60.9775641025641 60.57692307692308
45 39.61738782051282 39.36298076923077 61.07772435897436 59.31490384615385
46 39.51322115384615 39.817708333333336 61.197916666666664 59.485176282051285
47 39.485176282051285 39.60136217948718 61.44831730769231 60.9375
48 39.52123397435897 39.67147435897436 60.90745192307692 60.99759615384615
49 39.895833333333336 39.869791666666664 61.328125 62.219551282051285
50 40.01402243589744 39.7275641025641 60.8974358974359 61.999198717948715
51 39.77564102564103 39.84775641025641 61.68870192307692 59.39503205128205
52 40.182291666666664 39.89383012820513 59.375 59.51522435897436
53 39.84975961538461 40.37660256410256 60.90745192307692 60.9375
54 40.16826923076923 40.01402243589744 61.18790064102564 60.73717948717949
55 40.01001602564103 40.16225961538461 61.57852564102564 60.57692307692308
56 40.12019230769231 39.89783653846154 62.009214743589745 61.56850961538461
57 40.24238782051282 40.10616987179487 61.66866987179487 60.60697115384615
58 39.92788461538461 40.266426282051285 60.92748397435897 61.52844551282051
59 40.18629807692308 39.947916666666664 62.34975961538461 62.109375
60 40.37059294871795 40.09214743589744 61.35817307692308 61.037660256410255
61 40.50480769230769 40.42067307692308 61.65865384615385 61.07772435897436
62 40.3505608974359 40.48677884615385 61.818910256410255 61.52844551282051
63 40.422676282051285 40.124198717948715 61.818910256410255 61.037660256410255
64 40.66706730769231 40.57491987179487 62.1494391025641 62.86057692307692
65 40.735176282051285 40.314503205128204 62.52003205128205 62.790464743589745
66 40.76722756410256 40.59495192307692 61.66866987179487 61.65865384615385
67 40.66907051282051 40.19831730769231 61.10777243589744 62.43990384615385
68 40.5869391025641 40.625 63.000801282051285 62.87059294871795
69 40.572916666666664 40.94551282051282 61.00761217948718 62.239583333333336
70 40.66706730769231 40.63902243589744 61.50841346153846 62.239583333333336
71 40.76322115384615 40.89342948717949 61.13782051282051 62.22956730769231
72 40.68709935897436 40.45873397435897 60.49679487179487 61.408253205128204
73 40.63701923076923 40.61899038461539 62.01923076923077 62.28966346153846
74 40.71113782051282 40.40064102564103 60.91746794871795 62.46995192307692
75 40.68309294871795 40.96554487179487 61.428285256410255 62.5400641025641
76 40.97355769230769 40.625 61.93910256410256 61.93910256410256
77 41.02964743589744 40.657051282051285 59.685496794871796 61.71875
78 41.00961538461539 40.79527243589744 61.68870192307692 60.76722756410256
79 40.959535256410255 41.03565705128205 61.88902243589744 62.19951923076923
80 41.21394230769231 41.11778846153846 61.14783653846154 62.580128205128204
81 40.905448717948715 40.939503205128204 63.23116987179487 63.04086538461539
82 41.13782051282051 40.87339743589744 61.39823717948718 62.34975961538461
83 41.07572115384615 41.00560897435897 62.86057692307692 63.06089743589744
84 41.16386217948718 40.959535256410255 63.05088141025641 62.369791666666664
85 41.41426282051282 41.26402243589744 60.99759615384615 61.979166666666664
86 41.25400641025641 41.27003205128205 61.7588141025641 62.48998397435897
87 41.37620192307692 41.41626602564103 62.74038461538461 63.42147435897436
88 41.282051282051285 41.07371794871795 61.47836538461539 62.990785256410255
89 41.40625 41.328125 61.247996794871796 62.77043269230769
90 41.45032051282051 41.50040064102564 63.09094551282051 63.19110576923077
91 41.482371794871796 41.58253205128205 62.760416666666664 62.27964743589744
92 41.81290064102564 41.484375 61.98918269230769 63.31129807692308
93 41.73677884615385 41.87900641025641 63.31129807692308 63.30128205128205
94 41.432291666666664 41.67467948717949 63.61177884615385 63.55168269230769
95 41.640625 41.74278846153846 62.64022435897436 63.782051282051285
96 41.61258012820513 41.68870192307692 63.68189102564103 62.75040064102564
97 41.72676282051282 41.921073717948715 63.94230769230769 63.19110576923077
98 41.84695512820513 41.63060897435897 63.04086538461539 62.610176282051285
